# A_i Z_i A_f Z_f T[GeV/n] sigma [mbarn] sigma_err [mbarn] reference
 10   5   7   4      0.740      6.280      0.440 radin1979
 11   5   7   4      0.740      4.170      0.292 radin1979
 14   7   7   4      0.740     10.900      0.654 radin1979
 12   6   7   4      0.740      9.820      0.589 radin1979
 11   5  10   4      0.486      5.000      0.500 webber1990
 12   6   7   4      0.486      7.100      0.710 webber1990
 12   6   9   4      0.486      4.300      0.430 webber1990
 12   6  10   4      0.486      2.500      0.250 webber1990
 12   6  10   5      0.486     17.100      0.855 webber1990
 12   6  11   5      0.486     32.700      1.635 webber1990
 12   6  10   6      0.486      1.100      0.330 webber1990
 12   6  11   6      0.486     28.700      1.435 webber1990
 14   7   7   4      0.516     10.100      1.010 webber1990
 14   7   9   4      0.516      2.000      0.600 webber1990
 14   7  10   4      0.516      1.600      0.480 webber1990
 14   7  10   5      0.516      9.900      0.495 webber1990
 14   7  11   5      0.516     17.500      0.875 webber1990
 14   7  10   6      0.516      0.900      0.270 webber1990
 14   7  11   6      0.516     11.700      0.585 webber1990
 14   7  12   6      0.516     52.100      2.605 webber1990
 14   7  13   6      0.516      9.600      0.480 webber1990
 14   7  12   7      0.516      1.100      0.330 webber1990
 14   7  13   7      0.516      7.500      0.750 webber1990
 16   8  10   5      0.516      9.600      0.480 webber1990
 16   8  11   5      0.516     15.600      0.780 webber1990
 16   8  12   5      0.516      1.100      0.330 webber1990
 16   8  10   6      0.516      1.600      0.480 webber1990
 16   8  11   6      0.516     11.900      1.190 webber1990
 16   8  12   6      0.516     33.600      1.680 webber1990
 16   8  13   6      0.516     18.000      0.900 webber1990
 16   8  14   6      0.516      1.700      0.170 webber1990
 16   8  12   7      0.516      0.300      0.090 webber1990
 16   8  13   7      0.516      5.700      1.140 webber1990
 16   8  14   7      0.516     31.000      1.550 webber1990
 16   8  15   7      0.516     34.900      1.745 webber1990
 16   8  14   8      0.516      1.200      0.360 webber1990
 16   8  15   8      0.516     30.300      1.515 webber1990
 20  10  10   6      0.534      0.300      0.090 webber1990
 20  10  11   6      0.534      6.300      0.630 webber1990
 20  10  12   6      0.534     34.600      1.730 webber1990
 20  10  13   6      0.534     15.700      0.785 webber1990
 20  10  14   6      0.534      2.300      0.230 webber1990
 20  10  12   7      0.534      0.400      0.120 webber1990
 20  10  13   7      0.534      4.100      0.820 webber1990
 20  10  14   7      0.534     28.200      1.410 webber1990
 20  10  15   7      0.534     27.800      1.390 webber1990
 20  10  16   7      0.534      1.200      0.360 webber1990
 20  10  14   8      0.534      1.000      0.300 webber1990
 20  10  15   8      0.534     16.200      1.620 webber1990
 20  10  16   8      0.534     42.000      2.100 webber1990
 20  10  17   8      0.534     12.200      0.610 webber1990
 20  10  18   8      0.534      3.200      0.320 webber1990
 20  10  16   9      0.534      0.300      0.090 webber1990
 20  10  17   9      0.534      3.300      0.330 webber1990
 20  10  18   9      0.534     19.000      0.950 webber1990
 20  10  19   9      0.534     25.700      1.285 webber1990
 20  10  18  10      0.534      1.300      0.390 webber1990
 20  10  19  10      0.534     28.000      1.400 webber1990
 23  11  19  10      0.461      3.500      0.700 webber1990
 23  11  20  10      0.461     15.200      1.520 webber1990
 23  11  21  10      0.461     29.300      1.465 webber1990
 23  11  22  10      0.461     23.900      1.195 webber1990
 23  11  23  10      0.461      8.400      0.840 webber1990
 24  12  12   7      0.610      1.700      0.510 webber1990
 24  12  13   7      0.610      6.000      1.200 webber1990
 24  12  14   7      0.610     12.600      1.260 webber1990
 24  12  15   7      0.610     14.000      1.400 webber1990
 24  12  16   7      0.610      1.700      0.510 webber1990
 24  12  14   8      0.610      1.500      0.450 webber1990
 24  12  15   8      0.610      8.600      0.860 webber1990
 24  12  16   8      0.610     32.800      1.640 webber1990
 24  12  17   8      0.610     12.600      1.260 webber1990
 24  12  18   8      0.610      3.300      0.660 webber1990
 24  12  17   9      0.610      2.600      0.520 webber1990
 24  12  18   9      0.610     12.100      1.210 webber1990
 24  12  19   9      0.610     10.400      1.040 webber1990
 24  12  20   9      0.610      3.100      0.620 webber1990
 24  12  21   9      0.610      0.400      0.120 webber1990
 24  12  18  10      0.610      0.900      0.270 webber1990
 24  12  19  10      0.610      4.100      0.820 webber1990
 24  12  20  10      0.610     23.400      1.170 webber1990
 24  12  21  10      0.610     23.300      1.165 webber1990
 24  12  22  10      0.610     11.700      1.170 webber1990
 24  12  21  11      0.610      3.600      0.720 webber1990
 24  12  22  11      0.610     36.600      1.830 webber1990
 24  12  23  11      0.610     44.000      2.200 webber1990
 24  12  22  12      0.610      3.100      0.620 webber1990
 24  12  23  12      0.610     31.200      1.560 webber1990
 27  13  19  10      0.582      1.500      0.450 webber1990
 27  13  20  10      0.582     10.900      1.090 webber1990
 27  13  21  10      0.582     16.200      0.810 webber1990
 27  13  22  10      0.582     14.900      0.745 webber1990
 27  13  23  10      0.582      5.600      1.120 webber1990
 27  13  24  10      0.582      0.500      0.150 webber1990
 27  13  21  11      0.582      1.400      0.420 webber1990
 27  13  23  11      0.582     25.400      1.270 webber1990
 27  13  24  11      0.582     11.400      1.140 webber1990
 27  13  25  11      0.582      2.600      0.520 webber1990
 27  13  23  12      0.582      2.700      0.540 webber1990
 27  13  24  12      0.582     27.200      1.360 webber1990
 27  13  25  12      0.582     42.600      2.130 webber1990
 27  13  26  12      0.582     40.100      2.005 webber1990
 27  13  25  13      0.582      1.800      0.540 webber1990
 27  13  26  13      0.582     36.300      1.815 webber1990
 28  14  19  10      0.770      3.000      0.600 webber1990
 28  14  20  10      0.770     13.300      0.665 webber1990
 28  14  21  10      0.770     12.300      4.920 webber1990
 28  14  22  10      0.770      7.800      0.780 webber1990
 28  14  22  11      0.770     11.400      1.140 webber1990
 28  14  23  11      0.770     18.900      0.945 webber1990
 28  14  23  12      0.770      4.600      0.920 webber1990
 28  14  24  12      0.770     33.000      1.650 webber1990
 28  14  25  12      0.770     27.200      1.360 webber1990
 28  14  26  12      0.770     15.900      0.795 webber1990
 28  14  25  13      0.770      1.800      0.540 webber1990
 28  14  26  14      0.770      1.400      0.420 webber1990
 28  14  27  14      0.770     31.200      1.560 webber1990
 32  16  18  10      0.649      0.800      0.240 webber1990
 32  16  19  10      0.649      2.400      0.480 webber1990
 32  16  20  10      0.649     12.000      1.200 webber1990
 32  16  21  10      0.649     10.500      1.050 webber1990
 32  16  22  10      0.649      5.300      1.060 webber1990
 32  16  21  11      0.649      1.500      0.450 webber1990
 32  16  22  11      0.649     11.400      1.140 webber1990
 32  16  23  11      0.649     17.300      0.865 webber1990
 32  16  22  12      0.649      0.500      0.150 webber1990
 32  16  23  12      0.649      5.100      1.020 webber1990
 32  16  24  12      0.649     27.300      1.365 webber1990
 32  16  25  12      0.649     23.500      1.175 webber1990
 32  16  26  12      0.649     11.800      1.180 webber1990
 32  16  27  12      0.649      1.000      0.300 webber1990
 32  16  24  13      0.649      0.500      0.150 webber1990
 32  16  26  13      0.649     14.600      1.460 webber1990
 32  16  27  13      0.649     25.200      1.260 webber1990
 32  16  28  13      0.649      8.400      0.840 webber1990
 32  16  29  13      0.649      1.000      0.300 webber1990
 32  16  26  14      0.649      0.900      0.270 webber1990
 32  16  28  14      0.649     44.200      2.210 webber1990
 32  16  29  14      0.649     35.100      1.755 webber1990
 32  16  30  14      0.649     15.600      0.780 webber1990
 32  16  28  15      0.649      0.500      0.150 webber1990
 32  16  29  15      0.649      4.600      0.920 webber1990
 32  16  30  15      0.649     32.900      1.645 webber1990
 32  16  31  15      0.649     41.600      2.080 webber1990
 32  16  30  16      0.649      1.800      0.540 webber1990
 32  16  31  16      0.649     33.100      1.655 webber1990
 40  18  23  12      0.656      0.400      0.120 webber1990
 40  18  24  12      0.656      6.700      1.340 webber1990
 40  18  25  12      0.656     14.200      1.420 webber1990
 40  18  26  12      0.656     15.100      1.510 webber1990
 40  18  27  12      0.656      2.300      0.690 webber1990
 40  18  26  13      0.656      2.200      0.660 webber1990
 40  18  27  13      0.656     21.400      1.070 webber1990
 40  18  28  13      0.656     13.800      1.380 webber1990
 40  18  29  13      0.656      8.100      0.810 webber1990
 40  18  30  13      0.656      0.600      0.180 webber1990
 40  18  28  14      0.656      5.100      1.020 webber1990
 40  18  29  14      0.656     20.900      1.045 webber1990
 40  18  30  14      0.656     31.800      1.590 webber1990
 40  18  31  14      0.656     14.100      0.705 webber1990
 40  18  32  14      0.656      3.400      0.680 webber1990
 40  18  30  15      0.656      0.800      0.240 webber1990
 40  18  31  15      0.656     17.600      0.880 webber1990
 40  18  32  15      0.656     28.100      1.405 webber1990
 40  18  33  15      0.656     18.900      0.945 webber1990
 40  18  34  15      0.656      4.900      0.980 webber1990
 40  18  35  15      0.656      0.700      0.210 webber1990
 40  18  32  16      0.656      0.600      0.180 webber1990
 40  18  33  16      0.656     11.200      1.120 webber1990
 40  18  34  16      0.656     40.900      2.045 webber1990
 40  18  35  16      0.656     26.000      1.300 webber1990
 40  18  36  16      0.656     15.200      0.760 webber1990
 40  18  37  16      0.656      3.900      0.780 webber1990
 40  18  38  16      0.656      0.400      0.120 webber1990
 40  18  35  17      0.656      8.800      0.880 webber1990
 40  18  36  17      0.656     26.300      1.315 webber1990
 40  18  37  17      0.656     43.200      2.160 webber1990
 40  18  38  17      0.656     25.100      1.255 webber1990
 40  18  39  17      0.656     28.800      1.440 webber1990
 40  18  37  18      0.656      5.900      1.180 webber1990
 40  18  38  18      0.656     29.100      1.455 webber1990
 40  18  39  18      0.656     60.100      3.005 webber1990
 40  20  27  14      0.672      2.700      0.540 webber1990
 40  20  28  14      0.672     18.500      0.925 webber1990
 40  20  29  14      0.672     27.000      1.350 webber1990
 40  20  30  14      0.672     15.200      0.760 webber1990
 40  20  31  14      0.672      4.500      0.900 webber1990
 40  20  32  14      0.672      0.600      0.180 webber1990
 40  20  29  15      0.672      1.000      0.300 webber1990
 40  20  30  15      0.672      7.200      1.440 webber1990
 40  20  31  15      0.672     20.400      1.020 webber1990
 40  20  32  15      0.672     11.500      1.150 webber1990
 40  20  33  15      0.672      3.100      0.620 webber1990
 40  20  34  15      0.672      0.300      0.090 webber1990
 40  20  31  16      0.672      2.400      0.720 webber1990
 40  20  32  16      0.672     17.400      0.870 webber1990
 40  20  33  16      0.672     31.900      1.595 webber1990
 40  20  34  16      0.672     21.200      1.060 webber1990
 40  20  35  16      0.672      3.400      0.680 webber1990
 40  20  36  16      0.672      1.000      0.300 webber1990
 40  20  33  17      0.672      1.700      0.510 webber1990
 40  20  34  17      0.672     12.200      1.220 webber1990
 40  20  35  17      0.672     26.300      1.315 webber1990
 40  20  36  17      0.672     12.400      1.240 webber1990
 40  20  37  17      0.672      3.200      0.640 webber1990
 40  20  35  18      0.672      4.000      0.800 webber1990
 40  20  36  18      0.672     25.900      1.295 webber1990
 40  20  37  18      0.672     42.100      2.105 webber1990
 40  20  38  18      0.672     22.100      1.105 webber1990
 40  20  36  19      0.672      0.900      0.270 webber1990
 40  20  37  19      0.672      2.200      0.660 webber1990
 40  20  38  19      0.672     24.900      1.245 webber1990
 40  20  39  19      0.672     38.700      1.935 webber1990
 40  20  38  20      0.672      2.000      0.600 webber1990
 40  20  39  20      0.672     29.800      1.490 webber1990
 56  26  31  16      0.743      0.600      0.180 webber1990
 56  26  32  16      0.743      2.100      0.420 webber1990
 56  26  33  16      0.743      5.000      0.500 webber1990
 56  26  34  16      0.743      6.100      0.610 webber1990
 56  26  35  16      0.743      3.200      0.320 webber1990
 56  26  36  16      0.743      0.900      0.180 webber1990
 56  26  37  16      0.743      0.200      0.060 webber1990
 56  26  34  17      0.743      0.900      0.180 webber1990
 56  26  35  17      0.743      4.300      0.430 webber1990
 56  26  36  17      0.743      6.300      0.630 webber1990
 56  26  37  17      0.743      4.400      0.440 webber1990
 56  26  38  17      0.743      1.100      0.220 webber1990
 56  26  39  17      0.743      0.200      0.060 webber1990
 56  26  36  18      0.743      1.100      0.220 webber1990
 56  26  37  18      0.743      3.000      0.600 webber1990
 56  26  38  18      0.743      9.700      0.970 webber1990
 56  26  39  18      0.743      7.500      0.750 webber1990
 56  26  40  18      0.743      3.100      0.620 webber1990
 56  26  41  18      0.743      0.500      0.150 webber1990
 56  26  38  19      0.743      0.500      0.150 webber1990
 56  26  39  19      0.743      2.700      0.540 webber1990
 56  26  40  19      0.743      6.600      0.660 webber1990
 56  26  41  19      0.743     10.200      0.510 webber1990
 56  26  42  19      0.743      5.600      0.560 webber1990
 56  26  43  19      0.743      1.900      0.380 webber1990
 56  26  44  19      0.743      0.400      0.120 webber1990
 56  26  40  20      0.743      0.500      0.150 webber1990
 56  26  41  20      0.743      6.700      0.670 webber1990
 56  26  42  20      0.743     18.500      0.925 webber1990
 56  26  43  20      0.743     19.500      0.975 webber1990
 56  26  44  20      0.743      8.000      0.800 webber1990
 56  26  45  20      0.743      1.500      0.300 webber1990
 56  26  43  21      0.743      4.300      0.430 webber1990
 56  26  44  21      0.743     17.200      0.860 webber1990
 56  26  45  21      0.743     24.200      1.210 webber1990
 56  26  46  21      0.743     11.400      0.570 webber1990
 56  26  47  21      0.743      2.000      0.400 webber1990
 56  26  48  21      0.743      0.200      0.060 webber1990
 56  26  44  22      0.743      0.700      0.210 webber1990
 56  26  45  22      0.743      3.100      0.620 webber1990
 56  26  46  22      0.743     19.600      0.980 webber1990
 56  26  47  22      0.743     32.100      1.605 webber1990
 56  26  48  22      0.743     22.300      1.115 webber1990
 56  26  49  22      0.743      7.000      0.700 webber1990
 56  26  50  22      0.743      1.200      0.360 webber1990
 56  26  47  23      0.743      2.800      0.560 webber1990
 56  26  48  23      0.743     19.500      0.975 webber1990
 56  26  49  23      0.743     33.700      1.685 webber1990
 56  26  50  23      0.743     25.100      1.255 webber1990
 56  26  51  23      0.743      6.600      0.660 webber1990
 56  26  52  23      0.743      0.700      0.210 webber1990
 56  26  49  24      0.743      3.600      0.360 webber1990
 56  26  50  24      0.743     23.700      1.185 webber1990
 56  26  51  24      0.743     38.500      1.925 webber1990
 56  26  52  24      0.743     40.500      2.025 webber1990
 56  26  53  24      0.743     11.400      0.570 webber1990
 56  26  54  24      0.743      3.000      0.300 webber1990
 56  26  51  25      0.743      2.600      0.520 webber1990
 56  26  52  25      0.743     13.800      1.380 webber1990
 56  26  53  25      0.743     40.000      2.000 webber1990
 56  26  54  25      0.743     42.300      2.115 webber1990
 56  26  55  25      0.743     35.300      1.765 webber1990
 56  26  53  26      0.743      2.300      0.460 webber1990
 56  26  54  26      0.743     12.200      0.610 webber1990
 56  26  55  26      0.743     59.300      2.965 webber1990
 58  28  53  26      0.571      2.400      0.720 webber1990
 58  28  54  26      0.571     20.300      2.030 webber1990
 58  28  55  26      0.571     61.700      3.085 webber1990
 58  28  56  26      0.571     26.100      1.305 webber1990
 58  28  55  27      0.571      4.700      0.940 webber1990
 58  28  56  27      0.571     49.500      2.475 webber1990
 58  28  57  27      0.571     64.200      3.210 webber1990
 58  28  56  28      0.571      9.800      1.960 webber1990
 58  28  57  28      0.571     54.900      5.490 webber1990
 27  13  22  11      0.582      9.000      0.720 webber1990
 28  14  23  10      0.770      1.500      0.300 webber1990
 28  14  21  11      0.770      1.300      0.260 webber1990
 28  14  24  11      0.770      5.400      0.648 webber1990
 28  14  25  11      0.770      1.800      0.360 webber1990
 28  14  26  13      0.770     30.500      1.525 webber1990
 28  14  27  13      0.770     46.600      2.330 webber1990
 32  16  24  11      0.649      3.500      0.420 webber1990
 32  16  25  13      0.649      2.500      0.300 webber1990
 32  16  27  14      0.649      8.900      0.712 webber1990
 15   7  11   5      0.400     32.500      3.250 webber1996
 15   7  10   5      0.400     13.600      1.360 webber1996
 15   7   9   4      0.400      7.500      1.500 webber1996
 15   7   7   3      0.400     18.600      1.860 webber1996
 15   7   6   3      0.400     10.500      1.050 webber1996
 11   5  10   5      0.400     40.700     12.210 webber1996
 11   5   9   4      0.400     14.600      4.380 webber1996
 11   5   7   3      0.400     27.700      2.770 webber1996
 11   5   6   3      0.400      6.300      1.260 webber1996
  7   3   6   3      0.400     35.500      3.550 webber1996
  9   4   7   4      0.365     10.600      3.180 webber1998a
 11   5  10   5      0.365     46.200      9.240 webber1998a
 11   5  10   4      0.365      7.700      1.540 webber1998a
 11   5   9   4      0.365     13.400      1.340 webber1998a
 11   5   7   4      0.365      3.200      0.960 webber1998a
 15   7  14   7      0.373     27.600      2.760 webber1998a
 15   7  13   7      0.373      4.300      1.290 webber1998a
 15   7  14   6      0.373     10.300      0.515 webber1998a
 15   7  13   6      0.373     35.300      1.765 webber1998a
 15   7  12   6      0.373     30.000      1.500 webber1998a
 15   7  11   6      0.373      5.600      0.560 webber1998a
 15   7  11   5      0.373     26.900      1.345 webber1998a
 15   7  10   5      0.373      8.900      0.445 webber1998a
 22  10  21  10      0.401     44.600      2.230 webber1998a
 22  10  20  10      0.401     19.000      1.900 webber1998a
 22  10  19  10      0.401      0.800      0.160 webber1998a
 22  10  21   9      0.401     21.800      1.090 webber1998a
 22  10  20   9      0.401     27.900      1.395 webber1998a
 22  10  19   9      0.401     20.500      1.025 webber1998a
 22  10  18   9      0.401      4.000      0.800 webber1998a
 22  10  20   8      0.401      1.300      0.260 webber1998a
 22  10  19   8      0.401      4.000      0.400 webber1998a
 22  10  18   8      0.401     15.000      0.750 webber1998a
 22  10  17   8      0.401     19.600      0.980 webber1998a
 22  10  16   8      0.401     24.200      1.210 webber1998a
 22  10  15   8      0.401      1.600      0.320 webber1998a
 22  10  16   7      0.401      4.100      0.410 webber1998a
 22  10  15   7      0.401     32.900      1.645 webber1998a
 22  10  14   7      0.401     11.600      1.160 webber1998a
 22  10  13   7      0.401      1.600      0.320 webber1998a
 22  10  14   6      0.401      7.700      0.385 webber1998a
 22  10  13   6      0.401     15.300      0.765 webber1998a
 22  10  12   6      0.401     16.100      0.805 webber1998a
 22  10  11   6      0.401      3.900      0.390 webber1998a
 12   6  11   6      0.365     28.300      1.415 webber1998a
 12   6  10   6      0.365      1.100      0.330 webber1998a
 12   6  11   5      0.365     29.800      1.490 webber1998a
 12   6  10   5      0.365     17.100      0.855 webber1998a
 12   6  10   4      0.365      2.200      0.220 webber1998a
 12   6   9   4      0.365      4.100      0.410 webber1998a
 12   6   7   4      0.365      9.300      0.930 webber1998a
 14   7  13   7      0.377      7.400      0.740 webber1998a
 14   7  13   6      0.377      7.600      0.380 webber1998a
 14   7  12   6      0.377     56.900      2.845 webber1998a
 14   7  11   6      0.377     13.400      1.340 webber1998a
 14   7  11   5      0.377     17.400      0.870 webber1998a
 14   7  10   5      0.377     10.800      0.540 webber1998a
 16   8  15   8      0.389     30.700      1.535 webber1998a
 16   8  14   8      0.389      1.300      0.390 webber1998a
 16   8  15   7      0.389     33.600      1.680 webber1998a
 16   8  14   7      0.389     31.100      1.555 webber1998a
 16   8  13   7      0.389      4.600      0.920 webber1998a
 16   8  14   6      0.389      1.700      0.170 webber1998a
 16   8  13   6      0.389     17.400      0.870 webber1998a
 16   8  12   6      0.389     33.900      1.695 webber1998a
 16   8  11   6      0.389     10.200      1.020 webber1998a
 16   8  11   5      0.389     14.700      0.735 webber1998a
 16   8  10   5      0.389     10.400      0.520 webber1998a
 20  10  19  10      0.414     32.500      1.625 webber1998a
 20  10  18  10      0.414      1.600      0.480 webber1998a
 20  10  19   9      0.414     24.500      1.225 webber1998a
 20  10  18   9      0.414     20.900      1.045 webber1998a
 20  10  17   9      0.414      3.300      0.330 webber1998a
 20  10  18   8      0.414      4.000      0.400 webber1998a
 20  10  17   8      0.414     13.100      0.655 webber1998a
 20  10  16   8      0.414     44.100      2.205 webber1998a
 20  10  15   8      0.414     14.900      1.490 webber1998a
 20  10  15   7      0.414     24.000      1.200 webber1998a
 20  10  14   7      0.414     25.800      1.290 webber1998a
 20  10  13   7      0.414      5.100      1.020 webber1998a
 20  10  14   6      0.414      2.200      0.220 webber1998a
 20  10  13   6      0.414     15.300      0.765 webber1998a
 20  10  12   6      0.414     30.900      1.545 webber1998a
 20  10  11   6      0.414      6.800      0.680 webber1998a
 56  26  55  26      0.575     57.300      2.865 webber1998a
 56  26  54  26      0.575     13.400      0.670 webber1998a
 56  26  53  26      0.575      3.300      0.660 webber1998a
 56  26  55  25      0.575     36.300      1.815 webber1998a
 56  26  54  25      0.575     44.900      2.245 webber1998a
 56  26  53  25      0.575     42.800      2.140 webber1998a
 56  26  52  25      0.575     16.500      1.650 webber1998a
 56  26  51  25      0.575      3.800      0.380 webber1998a
 56  26  54  24      0.575      2.500      0.250 webber1998a
 56  26  53  24      0.575     11.800      0.590 webber1998a
 56  26  52  24      0.575     38.200      7.640 webber1998a
 56  26  51  24      0.575     40.300      2.015 webber1998a
 56  26  50  24      0.575     23.900      1.195 webber1998a
 56  26  49  24      0.575      3.700      0.370 webber1998a
 56  26  51  23      0.575      6.100      0.610 webber1998a
 56  26  50  23      0.575     23.700      1.185 webber1998a
 56  26  49  23      0.575     34.500      3.450 webber1998a
 56  26  48  23      0.575     20.400      1.020 webber1998a
 56  26  47  23      0.575      3.800      0.380 webber1998a
 56  26  50  22      0.575      1.000      0.300 webber1998a
 56  26  49  22      0.575      5.900      0.590 webber1998a
 56  26  48  22      0.575     19.700      0.985 webber1998a
 56  26  47  22      0.575     31.500      1.575 webber1998a
 56  26  46  22      0.575     21.700      1.085 webber1998a
 56  26  45  22      0.575      3.900      0.390 webber1998a
 56  26  44  22      0.575      0.900      0.270 webber1998a
 56  26  47  21      0.575      1.700      0.340 webber1998a
 56  26  46  21      0.575     10.100      0.505 webber1998a
 56  26  45  21      0.575     22.300      1.115 webber1998a
 56  26  44  21      0.575     15.600      0.780 webber1998a
 56  26  43  21      0.575      4.600      0.460 webber1998a
 56  26  45  20      0.575      1.800      0.360 webber1998a
 56  26  44  20      0.575      7.000      0.700 webber1998a
 56  26  43  20      0.575     17.600      0.880 webber1998a
 56  26  42  20      0.575     16.600      0.830 webber1998a
 56  26  41  20      0.575      6.300      0.630 webber1998a
 56  26  40  20      0.575      0.800      0.240 webber1998a
 56  26  43  19      0.575      2.200      0.440 webber1998a
 56  26  42  19      0.575      6.100      0.610 webber1998a
 56  26  41  19      0.575      9.900      0.495 webber1998a
 56  26  40  19      0.575      6.600      0.660 webber1998a
 56  26  39  19      0.575      2.600      0.520 webber1998a
 56  26  40  18      0.575      3.100      0.620 webber1998a
 56  26  39  18      0.575      7.800      0.780 webber1998a
 56  26  38  18      0.575      9.000      0.450 webber1998a
 56  26  37  18      0.575      3.400      0.340 webber1998a
 56  26  36  18      0.575      1.100      0.220 webber1998a
 56  26  38  17      0.575      0.900      0.180 webber1998a
 56  26  37  17      0.575      4.000      0.400 webber1998a
 56  26  36  17      0.575      5.700      0.570 webber1998a
 56  26  35  17      0.575      4.100      0.410 webber1998a
 56  26  34  17      0.575      0.600      0.156 webber1998a
 56  26  36  16      0.575      0.900      0.180 webber1998a
 56  26  35  16      0.575      2.900      0.290 webber1998a
 56  26  34  16      0.575      5.700      0.570 webber1998a
 56  26  33  16      0.575      4.300      0.430 webber1998a
 56  26  32  16      0.575      1.500      0.300 webber1998a
 58  28  57  27      0.620     68.500      3.425 webber1998a
 58  28  56  27      0.620     43.500      2.175 webber1998a
 58  28  55  27      0.620      4.000      0.800 webber1998a
 38  18  37  17      0.498     28.400      1.420 webber1998b
 38  18  36  17      0.498     35.000      1.750 webber1998b
 38  18  35  17      0.498     30.200      1.510 webber1998b
 38  18  34  17      0.498      3.900      0.468 webber1998b
 38  18  36  16      0.498      1.700      0.204 webber1998b
 38  18  35  16      0.498      9.000      0.720 webber1998b
 38  18  34  16      0.498     35.300      1.765 webber1998b
 38  18  33  16      0.498     34.300      1.715 webber1998b
 38  18  32  16      0.498     11.800      0.944 webber1998b
 38  18  31  16      0.498      1.800      0.360 webber1998b
 38  18  33  15      0.498      4.700      0.376 webber1998b
 38  18  32  15      0.498     22.400      1.120 webber1998b
 38  18  31  15      0.498     30.800      1.540 webber1998b
 38  18  30  15      0.498      8.300      0.664 webber1998b
 38  18  31  14      0.498      4.200      0.336 webber1998b
 38  18  30  14      0.498     30.400      1.520 webber1998b
 38  18  29  14      0.498     31.300      1.565 webber1998b
 38  18  28  14      0.498     11.000      0.880 webber1998b
 38  18  27  14      0.498      0.200      0.060 webber1998b
 38  18  29  13      0.498      4.500      0.540 webber1998b
 38  18  28  13      0.498     12.500      1.000 webber1998b
 38  18  27  13      0.498     14.600      1.168 webber1998b
 38  18  26  13      0.498      7.200      0.864 webber1998b
 38  18  27  12      0.498      3.300      0.660 webber1998b
 38  18  26  12      0.498      9.000      0.720 webber1998b
 38  18  25  12      0.498     15.600      1.248 webber1998b
 38  18  24  12      0.498      8.700      1.044 webber1998b
 36  18  35  17      0.496     43.300      2.165 webber1998b
 36  18  34  17      0.496     29.800      1.490 webber1998b
 36  18  33  17      0.496      3.900      0.468 webber1998b
 36  18  34  16      0.496     18.300      0.915 webber1998b
 36  18  33  16      0.496     46.500      2.325 webber1998b
 36  18  32  16      0.496     35.300      1.765 webber1998b
 36  18  31  16      0.496      7.800      0.936 webber1998b
 36  18  32  15      0.496      7.700      0.616 webber1998b
 36  18  31  15      0.496     28.900      1.445 webber1998b
 36  18  30  15      0.496     17.000      1.360 webber1998b
 36  18  29  15      0.496      1.700      0.340 webber1998b
 36  18  30  14      0.496     17.100      1.368 webber1998b
 36  18  29  14      0.496     35.100      1.755 webber1998b
 36  18  28  14      0.496     30.800      1.540 webber1998b
 36  18  27  14      0.496      4.700      0.564 webber1998b
 36  18  29  13      0.496      1.100      0.220 webber1998b
 36  18  28  13      0.496      6.700      0.804 webber1998b
 36  18  27  13      0.496     21.100      1.055 webber1998b
 36  18  26  13      0.496     12.100      0.968 webber1998b
 36  18  25  13      0.496      1.800      0.360 webber1998b
 36  18  27  12      0.496      1.200      0.240 webber1998b
 36  18  26  12      0.496      9.300      0.744 webber1998b
 36  18  25  12      0.496     18.700      0.935 webber1998b
 36  18  24  12      0.496     13.300      1.064 webber1998b
 36  18  23  12      0.496      2.100      0.420 webber1998b
 37  17  36  17      0.542     36.600      2.928 webber1998b
 37  17  35  17      0.542      8.100      0.972 webber1998b
 37  17  36  16      0.542     30.500      2.440 webber1998b
 37  17  35  16      0.542     32.200      2.576 webber1998b
 37  17  34  16      0.542     33.300      2.664 webber1998b
 37  17  33  16      0.542     11.400      1.368 webber1998b
 37  17  32  16      0.542      1.900      0.570 webber1998b
 34  17  33  17      0.499      9.200      1.840 webber1998b
 34  17  33  16      0.499     31.600      2.528 webber1998b
 34  17  32  16      0.499     62.400      3.120 webber1998b
 34  17  31  16      0.499     10.100      1.212 webber1998b
 34  17  32  15      0.499     16.300      1.956 webber1998b
 34  17  31  15      0.499     34.400      2.752 webber1998b
 34  17  30  15      0.499     17.800      2.136 webber1998b
 34  17  30  14      0.499     17.900      2.148 webber1998b
 34  17  29  14      0.499     39.700      3.176 webber1998b
 34  17  28  14      0.499     38.300      3.064 webber1998b
 34  17  27  14      0.499      4.600      1.380 webber1998b
 33  16  32  16      0.502     31.200      2.496 webber1998b
 33  16  31  16      0.502      5.600      1.120 webber1998b
 33  16  32  15      0.502     37.400      1.870 webber1998b
 33  16  31  15      0.502     47.700      2.385 webber1998b
 33  16  30  15      0.502     17.600      2.112 webber1998b
 33  16  31  14      0.502      5.500      0.660 webber1998b
 33  16  30  14      0.502     38.200      1.910 webber1998b
 33  16  29  14      0.502     40.500      2.025 webber1998b
 33  16  28  14      0.502     23.300      2.796 webber1998b
 33  16  29  13      0.502      5.700      0.684 webber1998b
 33  16  28  13      0.502     18.200      1.456 webber1998b
 33  16  27  13      0.502     26.000      2.080 webber1998b
 33  16  26  13      0.502      5.300      1.060 webber1998b
 33  16  27  12      0.502      2.800      0.560 webber1998b
 33  16  26  12      0.502     15.600      1.248 webber1998b
 33  16  25  12      0.502     20.900      1.672 webber1998b
 33  16  24  12      0.502     16.500      1.980 webber1998b
 31  15  30  15      0.505     25.600      2.048 webber1998b
 31  15  29  15      0.505      1.300      0.390 webber1998b
 31  15  30  14      0.505      5.600      0.280 webber1998b
 31  15  29  14      0.505     45.000      2.250 webber1998b
 31  15  28  14      0.505     37.400      1.870 webber1998b
 31  15  27  14      0.505      2.400      0.480 webber1998b
 31  15  29  13      0.505      2.600      0.520 webber1998b
 31  15  28  13      0.505     14.600      1.168 webber1998b
 31  15  27  13      0.505     35.700      1.785 webber1998b
 31  15  26  13      0.505     18.300      2.196 webber1998b
 31  15  26  12      0.505      2.700      0.810 webber1998b
 31  15  25  12      0.505     18.400      2.208 webber1998b
 31  15  24  12      0.505     32.300      2.584 webber1998b
 31  15  23  12      0.505     21.600      2.592 webber1998b
 30  15  29  15      0.504     11.100      1.332 webber1998b
 30  15  29  14      0.504     40.900      3.272 webber1998b
 30  15  28  14      0.504     73.100      3.655 webber1998b
 30  15  27  14      0.504      5.600      1.120 webber1998b
 30  15  28  13      0.504      7.700      1.540 webber1998b
 30  15  27  13      0.504     41.000      3.280 webber1998b
 30  15  26  13      0.504     22.400      2.688 webber1998b
 30  15  26  12      0.504      8.600      1.720 webber1998b
 30  15  25  12      0.504     20.500      1.025 webber1998b
 30  15  24  12      0.504     39.000      3.120 webber1998b
 30  15  23  12      0.504      5.800      1.160 webber1998b
 29  14  28  14      0.508     38.300      3.064 webber1998b
 29  14  27  14      0.508      1.800      0.540 webber1998b
 29  14  28  13      0.508     37.500      3.000 webber1998b
 29  14  27  13      0.508     46.500      3.720 webber1998b
 29  14  26  13      0.508     14.900      1.788 webber1998b
 29  14  27  12      0.508     10.500      2.100 webber1998b
 29  14  26  12      0.508     33.300      2.664 webber1998b
 29  14  25  12      0.508     26.600      2.128 webber1998b
 29  14  24  12      0.508     18.400      2.208 webber1998b
 29  14  25  11      0.508      4.300      1.290 webber1998b
 29  14  24  11      0.508     14.300      1.716 webber1998b
 29  14  23  11      0.508     20.500      1.640 webber1998b
 29  14  22  11      0.508     14.800      1.776 webber1998b
 29  14  23  10      0.508      3.600      1.080 webber1998b
 29  14  22  10      0.508     12.700      1.524 webber1998b
 29  14  21  10      0.508     16.700      2.004 webber1998b
 29  14  20  10      0.508     14.800      1.776 webber1998b
 29  14  18   8      0.508      4.500      0.900 webber1998b
 29  14  17   8      0.508      7.500      0.900 webber1998b
 29  14  16   8      0.508     15.000      1.200 webber1998b
 29  14  15   8      0.508      2.400      0.720 webber1998b
 26  13  25  13      0.508     10.600      2.120 webber1998b
 26  13  25  12      0.508     74.000      5.920 webber1998b
 26  13  24  12      0.508     36.800      4.416 webber1998b
 26  13  24  11      0.508     11.400      2.280 webber1998b
 26  13  23  11      0.508     29.000      2.320 webber1998b
 26  13  22  11      0.508     17.400      2.088 webber1998b
 26  13  22  10      0.508      9.100      1.820 webber1998b
 26  13  21  10      0.508     20.400      2.448 webber1998b
 26  13  20  10      0.508     19.100      2.292 webber1998b
 26  13  19  10      0.508      4.100      1.230 webber1998b
 26  13  20   9      0.508      1.900      0.570 webber1998b
 26  13  19   9      0.508     13.600      2.720 webber1998b
 26  13  18   9      0.508     10.500      2.100 webber1998b
 26  13  18   8      0.508      3.100      0.930 webber1998b
 26  13  17   8      0.508      9.900      1.980 webber1998b
 26  13  16   8      0.508     26.000      2.080 webber1998b
 26  13  15   8      0.508      4.100      1.230 webber1998b
 25  12  24  12      0.514     28.200      3.384 webber1998b
 25  12  23  12      0.514      2.100      0.630 webber1998b
 25  12  24  11      0.514     29.000      3.480 webber1998b
 25  12  23  11      0.514     41.600      3.328 webber1998b
 25  12  22  11      0.514     20.100      4.020 webber1998b
 25  12  21  11      0.514      5.200      1.560 webber1998b
 25  12  23  10      0.514      6.100      1.830 webber1998b
 25  12  22  10      0.514     22.000      2.640 webber1998b
 25  12  21  10      0.514     24.900      2.988 webber1998b
 25  12  20  10      0.514     12.300      2.460 webber1998b
 25  12  20   9      0.514      8.000      2.400 webber1998b
 25  12  19   9      0.514     15.200      3.040 webber1998b
 25  12  18   9      0.514     13.000      3.900 webber1998b
 25  12  18   8      0.514      6.600      1.980 webber1998b
 25  12  17   8      0.514     11.400      2.280 webber1998b
 25  12  16   8      0.514     27.200      3.264 webber1998b
 25  12  15   8      0.514      6.000      1.800 webber1998b
 23  11  22  11      0.517     26.200      3.144 webber1998b
 23  11  22  10      0.517     22.000      4.400 webber1998b
 23  11  21  10      0.517     36.600      4.392 webber1998b
 23  11  20  10      0.517     30.600      3.672 webber1998b
 23  11  19  10      0.517      7.500      2.250 webber1998b
 23  11  20   9      0.517     13.300      2.660 webber1998b
 23  11  19   9      0.517     16.600      3.320 webber1998b
 23  11  18   9      0.517      8.800      2.640 webber1998b
 23  11  18   8      0.517      7.200      2.160 webber1998b
 23  11  17   8      0.517     16.200      3.240 webber1998b
 23  11  16   8      0.517     33.600      4.032 webber1998b
 23  11  15   8      0.517     11.100      3.330 webber1998b
 22  11  21  11      0.520     13.200      2.640 webber1998b
 22  11  21  10      0.520     34.500      4.140 webber1998b
 22  11  20  10      0.520     44.900      5.388 webber1998b
 22  11  19  10      0.520      5.900      1.770 webber1998b
 22  11  20   9      0.520      3.000      0.900 webber1998b
 22  11  19   9      0.520     12.800      2.560 webber1998b
 22  11  18   9      0.520     12.400      2.480 webber1998b
 22  11  17   9      0.520      5.300      1.590 webber1998b
 22  11  18   8      0.520      3.400      1.020 webber1998b
 22  11  17   8      0.520      9.500      1.900 webber1998b
 22  11  16   8      0.520     43.700      5.244 webber1998b
 22  11  15   8      0.520     10.900      3.270 webber1998b
 21  10  20  10      0.520     40.900      8.180 webber1998b
 21  10  20   9      0.520     20.500      6.150 webber1998b
 21  10  19   9      0.520     32.500      6.500 webber1998b
 21  10  18   9      0.520     10.900      3.270 webber1998b
 21  10  18   8      0.520      7.900      2.370 webber1998b
 21  10  17   8      0.520     15.400      4.620 webber1998b
 21  10  16   8      0.520     43.100      5.172 webber1998b
 21  10  15   8      0.520      7.800      2.340 webber1998b
 19   9  18   9      0.523     39.200     11.760 webber1998b
 19   9  18   8      0.523     11.700      3.510 webber1998b
 19   9  17   8      0.523     21.100      6.330 webber1998b
 19   9  16   8      0.523     34.600     10.380 webber1998b
 32  16  31  16      0.501     30.600      1.530 webber1998b
 32  16  30  16      0.501      2.800      0.336 webber1998b
 32  16  31  15      0.501     38.500      1.925 webber1998b
 32  16  30  15      0.501     33.500      1.675 webber1998b
 32  16  29  15      0.501      6.200      0.496 webber1998b
 32  16  30  14      0.501     16.600      0.830 webber1998b
 32  16  29  14      0.501     37.300      1.865 webber1998b
 32  16  28  14      0.501     42.200      2.110 webber1998b
 32  16  27  14      0.501      8.000      0.640 webber1998b
 32  16  28  13      0.501      9.300      0.744 webber1998b
 32  16  27  13      0.501     28.900      1.445 webber1998b
 32  16  26  13      0.501     14.800      0.740 webber1998b
 32  16  25  13      0.501      2.100      0.420 webber1998b
 32  16  26  12      0.501     11.900      0.952 webber1998b
 32  16  25  12      0.501     25.400      1.270 webber1998b
 32  16  24  12      0.501     26.500      1.325 webber1998b
 32  16  23  12      0.501      4.600      0.552 webber1998b
 32  16  24  11      0.501      4.700      0.564 webber1998b
 32  16  23  11      0.501     16.600      0.830 webber1998b
 32  16  22  11      0.501     10.300      0.824 webber1998b
 32  16  21  11      0.501      1.800      0.360 webber1998b
 32  16  22  10      0.501      5.500      0.660 webber1998b
 32  16  21  10      0.501     10.700      0.856 webber1998b
 32  16  20  10      0.501     11.800      0.944 webber1998b
 32  16  19  10      0.501      2.200      0.440 webber1998b
 28  14  27  14      0.506     31.800      2.544 webber1998b
 28  14  26  14      0.506      1.200      0.360 webber1998b
 28  14  27  13      0.506     50.400      2.520 webber1998b
 28  14  26  13      0.506     25.800      1.290 webber1998b
 28  14  25  13      0.506      3.100      0.465 webber1998b
 28  14  26  12      0.506     15.500      0.775 webber1998b
 28  14  25  12      0.506     27.300      1.365 webber1998b
 28  14  24  12      0.506     35.900      1.795 webber1998b
 28  14  23  12      0.506      5.800      0.696 webber1998b
 28  14  25  11      0.506      2.900      0.580 webber1998b
 28  14  24  11      0.506      7.400      0.592 webber1998b
 28  14  23  11      0.506     17.200      1.376 webber1998b
 28  14  22  11      0.506     13.300      1.064 webber1998b
 28  14  21  11      0.506      2.000      0.600 webber1998b
 28  14  23  10      0.506      2.700      0.540 webber1998b
 28  14  22  10      0.506      8.500      0.680 webber1998b
 28  14  21  10      0.506     16.500      1.980 webber1998b
 28  14  20  10      0.506     14.300      1.144 webber1998b
 28  14  19  10      0.506      3.700      0.740 webber1998b
 28  14  20   9      0.506      1.100      0.220 webber1998b
 28  14  19   9      0.506      9.000      0.720 webber1998b
 28  14  18   9      0.506      6.700      0.804 webber1998b
 28  14  18   8      0.506      4.600      0.552 webber1998b
 28  14  17   8      0.506      8.900      1.068 webber1998b
 28  14  16   8      0.506     17.600      1.408 webber1998b
 28  14  15   8      0.506      5.600      0.672 webber1998b
 27  13  26  13      0.511     37.500      3.000 webber1998b
 27  13  25  13      0.511      2.300      0.690 webber1998b
 27  13  26  12      0.511     37.300      2.984 webber1998b
 27  13  25  12      0.511     41.200      2.060 webber1998b
 27  13  24  12      0.511     27.800      2.224 webber1998b
 27  13  23  12      0.511      4.900      0.980 webber1998b
 27  13  25  11      0.511      3.200      0.640 webber1998b
 27  13  24  11      0.511     14.100      1.692 webber1998b
 27  13  23  11      0.511     22.400      1.792 webber1998b
 27  13  22  11      0.511     12.300      1.476 webber1998b
 27  13  21  11      0.511      2.400      0.720 webber1998b
 27  13  22  10      0.511     14.800      1.184 webber1998b
 27  13  21  10      0.511     19.100      1.528 webber1998b
 27  13  20  10      0.511     16.900      1.352 webber1998b
 27  13  19  10      0.511      2.200      0.660 webber1998b
 27  13  20   9      0.511      4.000      0.800 webber1998b
 27  13  19   9      0.511     10.800      1.296 webber1998b
 27  13  18   9      0.511      5.900      1.180 webber1998b
 27  13  18   8      0.511      5.900      1.180 webber1998b
 27  13  17   8      0.511     10.300      1.236 webber1998b
 27  13  16   8      0.511     22.900      1.832 webber1998b
 27  13  15   8      0.511      7.100      1.420 webber1998b
 24  12  23  12      0.509     31.100      2.488 webber1998b
 24  12  22  12      0.509      2.500      0.750 webber1998b
 24  12  23  11      0.509     43.500      2.175 webber1998b
 24  12  22  11      0.509     32.300      1.615 webber1998b
 24  12  21  11      0.509      4.500      0.540 webber1998b
 24  12  22  10      0.509     16.200      3.240 webber1998b
 24  12  21  10      0.509     26.300      1.315 webber1998b
 24  12  20  10      0.509     19.600      3.920 webber1998b
 24  12  19  10      0.509      3.100      0.620 webber1998b
 24  12  20   9      0.509      2.600      0.780 webber1998b
 24  12  19   9      0.509     13.200      1.056 webber1998b
 24  12  18   9      0.509     12.500      1.000 webber1998b
 24  12  17   9      0.509      2.400      0.720 webber1998b
 24  12  18   8      0.509      4.800      0.960 webber1998b
 24  12  17   8      0.509     10.900      0.872 webber1998b
 24  12  16   8      0.509     33.800      1.690 webber1998b
 24  12  15   8      0.509     10.800      1.296 webber1998b
 27  13  20   9      0.582      4.300      0.516 webber1998b
 27  13  19   9      0.582      9.900      0.792 webber1998b
 27  13  18   9      0.582      4.500      0.540 webber1998b
 27  13  18   8      0.582      5.800      0.696 webber1998b
 27  13  17   8      0.582     12.100      0.968 webber1998b
 27  13  16   8      0.582     21.100      1.055 webber1998b
 27  13  15   8      0.582      5.500      0.660 webber1998b
 55  25  54  25      0.563     44.500      3.560 webber1998b
 55  25  53  25      0.563      5.900      1.180 webber1998b
 55  25  54  24      0.563     19.600      1.568 webber1998b
 55  25  53  24      0.563     33.500      1.675 webber1998b
 55  25  52  24      0.563     45.400      2.270 webber1998b
 55  25  51  24      0.563     41.500      2.075 webber1998b
 55  25  50  24      0.563     13.300      1.064 webber1998b
 55  25  49  24      0.563      1.500      0.450 webber1998b
 55  25  52  23      0.563      1.800      0.540 webber1998b
 55  25  51  23      0.563     13.100      1.048 webber1998b
 55  25  50  23      0.563     28.000      1.400 webber1998b
 55  25  49  23      0.563     41.400      2.070 webber1998b
 55  25  48  23      0.563     13.600      1.088 webber1998b
 55  25  47  23      0.563      1.300      0.390 webber1998b
 55  25  50  22      0.563      0.600      0.180 webber1998b
 55  25  49  22      0.563      4.500      0.540 webber1998b
 55  25  48  22      0.563     17.900      1.432 webber1998b
 55  25  47  22      0.563     37.200      1.860 webber1998b
 55  25  46  22      0.563     20.700      1.656 webber1998b
 55  25  45  22      0.563      3.900      0.780 webber1998b
 55  25  48  21      0.563      2.700      0.540 webber1998b
 55  25  47  21      0.563      6.400      0.768 webber1998b
 55  25  46  21      0.563     14.000      1.120 webber1998b
 55  25  45  21      0.563     22.400      1.792 webber1998b
 55  25  44  21      0.563     10.800      0.864 webber1998b
 55  25  43  21      0.563      2.000      0.600 webber1998b
 55  25  46  20      0.563      1.600      0.480 webber1998b
 55  25  45  20      0.563      5.800      0.696 webber1998b
 55  25  44  20      0.563     11.600      0.928 webber1998b
 55  25  43  20      0.563     13.800      1.104 webber1998b
 55  25  42  20      0.563     11.100      0.888 webber1998b
 55  25  41  20      0.563      6.100      0.732 webber1998b
 55  25  40  20      0.563      1.900      0.570 webber1998b
 55  25  43  19      0.563      0.900      0.270 webber1998b
 55  25  42  19      0.563      5.800      0.696 webber1998b
 55  25  41  19      0.563     14.800      1.184 webber1998b
 55  25  40  19      0.563     13.400      1.072 webber1998b
 55  25  39  19      0.563      2.300      0.690 webber1998b
 55  25  41  18      0.563      0.900      0.270 webber1998b
 55  25  40  18      0.563      4.900      0.588 webber1998b
 55  25  39  18      0.563      8.700      0.696 webber1998b
 55  25  38  18      0.563     10.200      0.816 webber1998b
 55  25  37  18      0.563      5.800      0.696 webber1998b
 55  25  36  18      0.563      0.800      0.240 webber1998b
 55  25  38  17      0.563      1.900      0.380 webber1998b
 55  25  37  17      0.563      6.000      0.720 webber1998b
 55  25  36  17      0.563      9.700      0.776 webber1998b
 55  25  35  17      0.563      2.600      0.520 webber1998b
 55  25  34  17      0.563      0.200      0.060 webber1998b
 55  25  36  16      0.563      1.600      0.320 webber1998b
 55  25  35  16      0.563      4.700      0.564 webber1998b
 55  25  34  16      0.563      6.700      0.804 webber1998b
 55  25  33  16      0.563      3.000      0.600 webber1998b
 55  25  32  16      0.563      0.400      0.120 webber1998b
 52  24  51  24      0.565     52.100     10.420 webber1998b
 52  24  50  24      0.565      7.800      2.340 webber1998b
 52  24  51  23      0.565     33.900      4.068 webber1998b
 52  24  50  23      0.565     36.300      4.356 webber1998b
 52  24  49  23      0.565     43.800      5.256 webber1998b
 52  24  48  23      0.565     12.000      2.400 webber1998b
 52  24  50  22      0.565      3.000      0.900 webber1998b
 52  24  49  22      0.565     13.800      2.760 webber1998b
 52  24  48  22      0.565     28.900      3.468 webber1998b
 52  24  47  22      0.565     43.800      5.256 webber1998b
 52  24  46  22      0.565     16.300      3.260 webber1998b
 52  24  47  21      0.565      3.600      1.080 webber1998b
 52  24  46  21      0.565     14.000      2.800 webber1998b
 52  24  45  21      0.565     27.600      3.312 webber1998b
 52  24  44  21      0.565     24.700      2.964 webber1998b
 52  24  43  21      0.565      6.300      1.890 webber1998b
 52  24  45  20      0.565      9.800      1.960 webber1998b
 52  24  44  20      0.565     19.100      2.292 webber1998b
 52  24  43  20      0.565     27.000      3.240 webber1998b
 52  24  42  20      0.565     15.500      3.100 webber1998b
 52  24  41  20      0.565      0.900      0.270 webber1998b
 54  26  53  26      0.557     28.300      3.396 webber1998b
 54  26  52  26      0.557      2.000      0.600 webber1998b
 54  26  53  25      0.557     40.900      3.272 webber1998b
 54  26  52  25      0.557     34.100      2.728 webber1998b
 54  26  51  25      0.557      7.600      1.520 webber1998b
 54  26  52  24      0.557     10.500      2.100 webber1998b
 54  26  51  24      0.557     41.100      3.288 webber1998b
 54  26  50  24      0.557     26.000      3.120 webber1998b
 54  26  49  24      0.557     10.900      2.180 webber1998b
 52  25  51  25      0.561     17.100      3.420 webber1998b
 52  25  51  24      0.561     33.500      2.680 webber1998b
 52  25  50  24      0.561     41.000      3.280 webber1998b
 52  25  49  24      0.561      4.600      0.920 webber1998b
 52  25  50  23      0.561     17.600      2.112 webber1998b
 52  25  49  23      0.561     51.900      4.152 webber1998b
 52  25  48  23      0.561     25.000      3.000 webber1998b
 52  25  47  23      0.561      2.100      0.630 webber1998b
 52  25  49  22      0.561      3.100      0.930 webber1998b
 52  25  48  22      0.561     29.900      5.980 webber1998b
 52  25  47  22      0.561     44.000      5.280 webber1998b
 52  25  46  22      0.561     20.300      4.060 webber1998b
 52  25  45  22      0.561      1.300      0.390 webber1998b
 52  25  47  21      0.561      4.800      1.440 webber1998b
 52  25  46  21      0.561     21.800      2.616 webber1998b
 52  25  45  21      0.561     29.000      3.480 webber1998b
 52  25  44  21      0.561     10.500      2.100 webber1998b
 52  25  44  20      0.561     16.100      3.220 webber1998b
 52  25  43  20      0.561     27.200      3.264 webber1998b
 52  25  42  20      0.561     17.600      3.520 webber1998b
 52  25  41  20      0.561      2.300      0.690 webber1998b
 50  24  49  24      0.564     24.600      4.920 webber1998b
 50  24  48  24      0.564      4.200      1.260 webber1998b
 50  24  49  23      0.564     50.200      4.016 webber1998b
 50  24  48  23      0.564     35.500      2.840 webber1998b
 50  24  47  23      0.564      8.100      2.430 webber1998b
 50  24  48  22      0.564     44.500      3.560 webber1998b
 50  24  47  22      0.564     44.400      3.552 webber1998b
 50  24  46  22      0.564     14.300      4.290 webber1998b
 50  24  46  21      0.564      6.600      1.980 webber1998b
 50  24  45  21      0.564     36.100      4.332 webber1998b
 50  24  44  21      0.564     27.500      5.500 webber1998b
 50  24  43  21      0.564      5.900      1.770 webber1998b
 50  24  44  20      0.564     17.900      3.580 webber1998b
 50  24  43  20      0.564     21.700      4.340 webber1998b
 50  24  42  20      0.564     21.700      4.340 webber1998b
 50  24  41  20      0.564      7.800      2.340 webber1998b
 26  12  25  12      0.371     19.000      4.700 chen1997a
 26  12  24  12      0.371      1.500      1.200 chen1997a
 26  12  23  12      0.371      0.500      0.500 chen1997a
 26  12  25  11      0.371     32.700      4.700 chen1997a
 26  12  24  11      0.371     31.000      5.300 chen1997a
 26  12  23  11      0.371     36.200      5.500 chen1997a
 26  12  22  11      0.371      7.900      1.900 chen1997a
 26  12  21  11      0.371      0.600      0.500 chen1997a
 26  12  24  10      0.371      2.300      0.600 chen1997a
 26  12  23  10      0.371      5.300      0.800 chen1997a
 26  12  22  10      0.371     30.800      2.400 chen1997a
 26  12  21  10      0.371     27.300      2.200 chen1997a
 26  12  20  10      0.371     14.900      1.500 chen1997a
 26  12  19  10      0.371      1.300      0.200 chen1997a
 26  12  22   9      0.371      0.500      0.200 chen1997a
 26  12  21   9      0.371      3.300      0.600 chen1997a
 26  12  20   9      0.371      9.200      1.100 chen1997a
 26  12  19   9      0.371     16.400      1.600 chen1997a
 26  12  18   9      0.371      3.700      0.700 chen1997a
 26  12  17   9      0.371      0.900      0.200 chen1997a
 26  12  20   8      0.371      0.300      0.100 chen1997a
 26  12  19   8      0.371      1.700      0.300 chen1997a
 26  12  18   8      0.371      7.300      1.000 chen1997a
 26  12  17   8      0.371     10.300      1.300 chen1997a
 26  12  16   8      0.371     15.700      1.800 chen1997a
 26  12  15   8      0.371      1.100      0.300 chen1997a
 26  12  17   7      0.371      0.800      0.200 chen1997a
 26  12  16   7      0.371      2.800      0.500 chen1997a
 26  12  15   7      0.371     19.700      2.100 chen1997a
 26  12  14   7      0.371      6.500      0.900 chen1997a
 26  12  13   7      0.371      0.300      0.100 chen1997a
 26  12  16   6      0.371      0.300      0.100 chen1997a
 26  12  15   6      0.371      0.900      0.300 chen1997a
 26  12  14   6      0.371      3.500      0.700 chen1997a
 26  12  13   6      0.371      6.300      1.200 chen1997a
 26  12  12   6      0.371      6.500      1.100 chen1997a
 26  12  11   6      0.371      0.900      0.200 chen1997a
 26  12  12   5      0.371      1.100      0.500 chen1997a
 26  12  11   5      0.371      6.000      1.700 chen1997a
 26  12  10   5      0.371      2.300      0.800 chen1997a
 26  12  25  12      0.576     35.800      8.800 chen1997a
 26  12  24  12      0.576      0.500      0.500 chen1997a
 26  12  25  11      0.576     32.700      5.400 chen1997a
 26  12  24  11      0.576     35.700      6.000 chen1997a
 26  12  23  11      0.576     23.500      4.100 chen1997a
 26  12  22  11      0.576      0.700      0.300 chen1997a
 26  12  23  10      0.576      6.600      1.100 chen1997a
 26  12  22  10      0.576     45.300      4.000 chen1997a
 26  12  21  10      0.576     21.700      1.900 chen1997a
 26  12  20  10      0.576      2.100      0.800 chen1997a
 26  12  19  10      0.576      0.500      0.200 chen1997a
 26  12  22   9      0.576      0.100      0.100 chen1997a
 26  12  21   9      0.576      4.000      0.800 chen1997a
 26  12  20   9      0.576     16.300      1.900 chen1997a
 26  12  19   9      0.576     19.900      2.200 chen1997a
 26  12  18   9      0.576      2.000      0.600 chen1997a
 26  12  17   9      0.576      0.100      0.200 chen1997a
 26  12  19   8      0.576      2.000      0.600 chen1997a
 26  12  18   8      0.576     17.300      1.900 chen1997a
 26  12  17   8      0.576     22.400      2.300 chen1997a
 26  12  16   8      0.576     11.300      1.500 chen1997a
 26  12  15   8      0.576      0.200      0.200 chen1997a
 26  12  16   7      0.576      4.000      0.700 chen1997a
 26  12  15   7      0.576     29.900      3.000 chen1997a
 26  12  14   7      0.576      4.800      0.900 chen1997a
 26  12  13   7      0.576      0.100      0.100 chen1997a
 26  12  15   6      0.576      0.400      0.300 chen1997a
 26  12  14   6      0.576      9.000      1.300 chen1997a
 26  12  13   6      0.576     25.000      2.800 chen1997a
 26  12  12   6      0.576     11.100      1.500 chen1997a
 26  12  11   6      0.576      0.400      0.300 chen1997a
 26  12  12   5      0.576      1.000      0.400 chen1997a
 26  12  11   5      0.576      8.600      2.000 chen1997a
 26  12  10   5      0.576      2.200      0.800 chen1997a
 22  10  21  10      0.377     43.900      6.400 chen1997a
 22  10  20  10      0.377     23.300      4.100 chen1997a
 22  10  19  10      0.377      2.000      0.600 chen1997a
 22  10  21   9      0.377     19.600      2.100 chen1997a
 22  10  20   9      0.377     29.100      2.500 chen1997a
 22  10  19   9      0.377     23.300      2.100 chen1997a
 22  10  18   9      0.377      7.500      0.900 chen1997a
 22  10  17   9      0.377      0.800      0.300 chen1997a
 22  10  20   8      0.377      0.800      0.200 chen1997a
 22  10  19   8      0.377      2.900      0.500 chen1997a
 22  10  18   8      0.377     15.300      1.200 chen1997a
 22  10  17   8      0.377     20.800      1.400 chen1997a
 22  10  16   8      0.377     30.000      1.800 chen1997a
 22  10  15   8      0.377      2.000      0.300 chen1997a
 22  10  17   7      0.377      1.400      0.400 chen1997a
 22  10  16   7      0.377      4.400      0.600 chen1997a
 22  10  15   7      0.377     36.200      2.100 chen1997a
 22  10  14   7      0.377      9.700      1.000 chen1997a
 22  10  13   7      0.377      0.500      0.100 chen1997a
 22  10  15   6      0.377      0.700      0.200 chen1997a
 22  10  14   6      0.377      8.100      0.700 chen1997a
 22  10  13   6      0.377     17.800      1.400 chen1997a
 22  10  12   6      0.377     14.600      1.300 chen1997a
 22  10  11   6      0.377      0.900      0.300 chen1997a
 22  10  13   5      0.377      0.300      0.100 chen1997a
 22  10  12   5      0.377      0.600      0.300 chen1997a
 22  10  11   5      0.377     11.200      1.400 chen1997a
 22  10  10   5      0.377      2.800      0.600 chen1997a
 22  10  21  10      0.581     29.200      5.000 chen1997a
 22  10  20  10      0.581      7.600      3.600 chen1997a
 22  10  19  10      0.581      1.300      0.500 chen1997a
 22  10  21   9      0.581     25.200      3.000 chen1997a
 22  10  20   9      0.581     26.500      3.200 chen1997a
 22  10  19   9      0.581     22.400      2.700 chen1997a
 22  10  18   9      0.581      5.500      0.900 chen1997a
 22  10  17   9      0.581      0.700      0.300 chen1997a
 22  10  20   8      0.581      1.200      0.200 chen1997a
 22  10  19   8      0.581      3.600      0.400 chen1997a
 22  10  18   8      0.581     18.100      1.500 chen1997a
 22  10  17   8      0.581     19.100      1.500 chen1997a
 22  10  16   8      0.581     25.700      1.800 chen1997a
 22  10  15   8      0.581      1.600      0.300 chen1997a
 22  10  17   7      0.581      2.900      0.300 chen1997a
 22  10  16   7      0.581      5.500      0.500 chen1997a
 22  10  15   7      0.581     39.000      2.500 chen1997a
 22  10  14   7      0.581     10.100      1.200 chen1997a
 22  10  13   7      0.581      0.500      0.100 chen1997a
 22  10  15   6      0.581      0.800      0.200 chen1997a
 22  10  14   6      0.581     10.200      1.200 chen1997a
 22  10  13   6      0.581     21.900      1.900 chen1997a
 22  10  12   6      0.581     17.000      1.800 chen1997a
 22  10  11   6      0.581      0.800      0.200 chen1997a
 22  10  13   5      0.581      0.300      0.100 chen1997a
 22  10  12   5      0.581      2.600      0.400 chen1997a
 22  10  11   5      0.581     16.700      1.800 chen1997a
 22  10  10   5      0.581      4.800      0.600 chen1997a
 22  10  21  10      0.894     20.700      5.900 chen1997a
 22  10  20  10      0.894     12.100      3.900 chen1997a
 22  10  19  10      0.894      0.100      0.300 chen1997a
 22  10  21   9      0.894     24.200      3.400 chen1997a
 22  10  20   9      0.894     23.300      3.900 chen1997a
 22  10  19   9      0.894     24.100      3.300 chen1997a
 22  10  18   9      0.894      5.400      1.400 chen1997a
 22  10  17   9      0.894      0.400      0.300 chen1997a
 22  10  20   8      0.894      1.000      0.200 chen1997a
 22  10  19   8      0.894      4.300      0.500 chen1997a
 22  10  18   8      0.894     14.700      1.100 chen1997a
 22  10  17   8      0.894     17.300      1.200 chen1997a
 22  10  16   8      0.894     24.300      1.500 chen1997a
 22  10  15   8      0.894      2.800      0.400 chen1997a
 22  10  17   7      0.894      2.800      0.400 chen1997a
 22  10  16   7      0.894      4.400      0.600 chen1997a
 22  10  15   7      0.894     33.500      2.100 chen1997a
 22  10  14   7      0.894     11.700      1.100 chen1997a
 22  10  13   7      0.894      0.700      0.200 chen1997a
 22  10  15   6      0.894      0.600      0.100 chen1997a
 22  10  14   6      0.894      8.600      0.900 chen1997a
 22  10  13   6      0.894     19.000      1.600 chen1997a
 22  10  12   6      0.894     17.000      1.400 chen1997a
 22  10  11   6      0.894      2.200      0.400 chen1997a
 22  10  13   5      0.894      0.200      0.100 chen1997a
 22  10  12   5      0.894      2.500      0.400 chen1997a
 22  10  11   5      0.894     19.100      2.400 chen1997a
 22  10  10   5      0.894      5.400      0.900 chen1997a
 40  20  39  20      0.356     25.600     13.200 chen1997b
 40  20  39  19      0.356     38.900     10.900 chen1997b
 40  20  38  19      0.356     21.600      9.000 chen1997b
 40  20  37  19      0.356     12.000      2.300 chen1997b
 40  20  38  18      0.356     18.600      2.400 chen1997b
 40  20  37  18      0.356     50.200      3.900 chen1997b
 40  20  36  18      0.356     31.600      3.100 chen1997b
 40  20  35  18      0.356      8.100      0.900 chen1997b
 40  20  34  18      0.356      0.400      0.200 chen1997b
 40  20  37  17      0.356      2.100      0.400 chen1997b
 40  20  36  17      0.356      8.600      1.300 chen1997b
 40  20  35  17      0.356     36.900      3.300 chen1997b
 40  20  34  17      0.356     16.300      1.600 chen1997b
 40  20  33  17      0.356      2.900      0.500 chen1997b
 40  20  35  16      0.356      1.400      0.300 chen1997b
 40  20  34  16      0.356     22.200      1.700 chen1997b
 40  20  33  16      0.356     34.900      2.300 chen1997b
 40  20  32  16      0.356     24.700      1.900 chen1997b
 40  20  31  16      0.356      3.800      0.600 chen1997b
 40  20  30  16      0.356      0.300      0.100 chen1997b
 40  20  33  15      0.356      1.200      0.300 chen1997b
 40  20  32  15      0.356      8.000      0.900 chen1997b
 40  20  31  15      0.356     24.400      2.100 chen1997b
 40  20  30  15      0.356     10.000      1.200 chen1997b
 40  20  29  15      0.356      2.300      0.400 chen1997b
 40  20  31  14      0.356      0.400      0.200 chen1997b
 40  20  30  14      0.356      9.600      1.000 chen1997b
 40  20  29  14      0.356     20.400      1.600 chen1997b
 40  20  28  14      0.356     19.900      1.600 chen1997b
 40  20  27  14      0.356      1.500      0.300 chen1997b
 40  20  29  13      0.356      1.100      0.300 chen1997b
 40  20  28  13      0.356      3.600      0.600 chen1997b
 40  20  27  13      0.356     13.400      1.600 chen1997b
 40  20  26  13      0.356      6.300      1.000 chen1997b
 40  20  25  13      0.356      0.500      0.200 chen1997b
 40  20  24  13      0.356      0.300      0.100 chen1997b
 40  20  27  12      0.356      0.500      0.200 chen1997b
 40  20  26  12      0.356      4.200      0.600 chen1997b
 40  20  25  12      0.356      5.900      0.900 chen1997b
 40  20  24  12      0.356      7.200      1.100 chen1997b
 40  20  24  11      0.356      0.500      0.400 chen1997b
 40  20  23  11      0.356      2.900      1.200 chen1997b
 40  20  22  11      0.356      2.000      0.700 chen1997b
 40  20  21  11      0.356      0.500      0.300 chen1997b
 40  20  22  10      0.356      0.900      0.400 chen1997b
 40  20  21  10      0.356      2.200      0.700 chen1997b
 40  20  20  10      0.356      2.400      0.700 chen1997b
 40  20  19  10      0.356      0.400      0.200 chen1997b
 40  20  39  20      0.565     34.400      7.700 chen1997b
 40  20  38  20      0.565      1.300      0.900 chen1997b
 40  20  39  19      0.565     39.600      7.200 chen1997b
 40  20  38  19      0.565     23.200      5.800 chen1997b
 40  20  37  19      0.565      5.300      1.000 chen1997b
 40  20  36  19      0.565      0.100      0.200 chen1997b
 40  20  38  18      0.565     23.000      1.600 chen1997b
 40  20  37  18      0.565     43.700      2.200 chen1997b
 40  20  36  18      0.565     28.800      1.700 chen1997b
 40  20  35  18      0.565      4.600      0.500 chen1997b
 40  20  34  18      0.565      0.300      0.100 chen1997b
 40  20  37  17      0.565      2.600      0.200 chen1997b
 40  20  36  17      0.565     12.100      0.900 chen1997b
 40  20  35  17      0.565     29.900      1.700 chen1997b
 40  20  34  17      0.565     14.600      1.100 chen1997b
 40  20  33  17      0.565      1.300      0.200 chen1997b
 40  20  32  17      0.565      0.200      0.100 chen1997b
 40  20  35  16      0.565      1.500      0.300 chen1997b
 40  20  34  16      0.565     20.400      1.100 chen1997b
 40  20  33  16      0.565     35.700      1.700 chen1997b
 40  20  32  16      0.565     23.200      1.300 chen1997b
 40  20  31  16      0.565      2.700      0.300 chen1997b
 40  20  30  16      0.565      0.200      0.100 chen1997b
 40  20  33  15      0.565      1.800      0.200 chen1997b
 40  20  32  15      0.565      9.200      0.700 chen1997b
 40  20  31  15      0.565     25.400      1.400 chen1997b
 40  20  30  15      0.565     11.300      0.800 chen1997b
 40  20  29  15      0.565      0.800      0.200 chen1997b
 40  20  31  14      0.565      1.200      0.200 chen1997b
 40  20  30  14      0.565     14.200      0.900 chen1997b
 40  20  29  14      0.565     24.200      1.400 chen1997b
 40  20  28  14      0.565     22.500      1.400 chen1997b
 40  20  27  14      0.565      1.800      0.300 chen1997b
 40  20  29  13      0.565      0.500      0.100 chen1997b
 40  20  28  13      0.565      5.000      0.500 chen1997b
 40  20  27  13      0.565     18.100      1.200 chen1997b
 40  20  26  13      0.565      8.200      0.700 chen1997b
 40  20  25  13      0.565      0.700      0.100 chen1997b
 40  20  24  13      0.565      0.100      0.100 chen1997b
 40  20  27  12      0.565      0.400      0.300 chen1997b
 40  20  26  12      0.565      6.400      0.700 chen1997b
 40  20  25  12      0.565     10.700      1.000 chen1997b
 40  20  24  12      0.565     11.700      1.000 chen1997b
 40  20  23  12      0.565      0.800      0.200 chen1997b
 40  20  25  11      0.565      0.300      0.100 chen1997b
 40  20  24  11      0.565      1.700      0.300 chen1997b
 40  20  23  11      0.565      7.500      0.700 chen1997b
 40  20  22  11      0.565      4.100      0.500 chen1997b
 40  20  21  11      0.565      0.300      0.100 chen1997b
 40  20  23  10      0.565      0.100      0.100 chen1997b
 40  20  22  10      0.565      2.200      0.300 chen1997b
 40  20  21  10      0.565      5.000      0.600 chen1997b
 40  20  20  10      0.565      4.200      0.500 chen1997b
 40  20  19  10      0.565      0.400      0.100 chen1997b
 40  20  39  20      0.763     29.800      6.400 chen1997b
 40  20  38  20      0.763      0.300      1.000 chen1997b
 40  20  38  19      0.763     21.100      8.600 chen1997b
 40  20  37  19      0.763      4.600      1.900 chen1997b
 40  20  36  19      0.763      0.100      0.400 chen1997b
 40  20  38  18      0.763     19.400      2.000 chen1997b
 40  20  37  18      0.763     44.300      3.600 chen1997b
 40  20  36  18      0.763     33.600      3.300 chen1997b
 40  20  35  18      0.763      4.800      0.700 chen1997b
 40  20  34  18      0.763      0.300      0.200 chen1997b
 40  20  37  17      0.763      2.700      0.400 chen1997b
 40  20  36  17      0.763     11.700      1.300 chen1997b
 40  20  35  17      0.763     33.600      2.300 chen1997b
 40  20  34  17      0.763     15.200      1.500 chen1997b
 40  20  33  17      0.763      1.400      0.400 chen1997b
 40  20  32  17      0.763      0.200      0.100 chen1997b
 40  20  35  16      0.763      1.300      0.400 chen1997b
 40  20  34  16      0.763     20.400      1.800 chen1997b
 40  20  33  16      0.763     36.200      2.400 chen1997b
 40  20  32  16      0.763     21.200      1.600 chen1997b
 40  20  31  16      0.763      2.900      0.600 chen1997b
 40  20  30  16      0.763      0.200      0.100 chen1997b
 40  20  33  15      0.763      1.300      0.300 chen1997b
 40  20  32  15      0.763     12.900      1.200 chen1997b
 40  20  31  15      0.763     24.100      1.900 chen1997b
 40  20  30  15      0.763     11.700      1.100 chen1997b
 40  20  29  15      0.763      0.900      0.300 chen1997b
 40  20  31  14      0.763      0.600      0.300 chen1997b
 40  20  30  14      0.763     16.700      1.500 chen1997b
 40  20  29  14      0.763     23.200      2.100 chen1997b
 40  20  28  14      0.763     27.500      1.900 chen1997b
 40  20  27  14      0.763      2.600      0.400 chen1997b
 40  20  29  13      0.763      1.000      0.200 chen1997b
 40  20  28  13      0.763      5.500      0.600 chen1997b
 40  20  27  13      0.763     21.200      1.900 chen1997b
 40  20  26  13      0.763      8.400      0.800 chen1997b
 40  20  25  13      0.763      0.900      0.200 chen1997b
 40  20  24  13      0.763      0.100      0.100 chen1997b
 40  20  27  12      0.763      0.700      0.200 chen1997b
 40  20  26  12      0.763      6.900      0.700 chen1997b
 40  20  25  12      0.763     13.400      1.200 chen1997b
 40  20  24  12      0.763     14.500      1.300 chen1997b
 40  20  23  12      0.763      2.100      0.300 chen1997b
 40  20  25  11      0.763      0.600      0.200 chen1997b
 40  20  24  11      0.763      2.500      0.400 chen1997b
 40  20  23  11      0.763     10.100      1.100 chen1997b
 40  20  22  11      0.763      5.900      0.800 chen1997b
 40  20  21  11      0.763      1.000      0.300 chen1997b
 40  20  23  10      0.763      0.200      0.100 chen1997b
 40  20  22  10      0.763      3.400      0.500 chen1997b
 40  20  21  10      0.763      4.900      0.700 chen1997b
 40  20  20  10      0.763      5.400      0.800 chen1997b
 40  20  19  10      0.763      0.600      0.200 chen1997b
 12   6  11   6      3.660     29.200      2.500 korejwo1999
 12   6  10   6      3.660      3.600      0.500 korejwo1999
 12   6   9   6      3.660      0.240      0.050 korejwo1999
 12   6  12   5      3.660      0.120      0.050 korejwo1999
 12   6  11   5      3.660     27.700      0.700 korejwo1999
 12   6  10   5      3.660     12.300      3.000 korejwo1999
 12   6   8   5      3.660      0.440      0.040 korejwo1999
 12   6  10   4      3.660      4.200      0.600 korejwo1999
 12   6   9   4      3.660      6.700      0.900 korejwo1999
 12   6   7   4      3.660     10.100      1.300 korejwo1999
 12   6   9   3      3.660      0.250      0.060 korejwo1999
 12   6   8   3      3.660      1.470      0.230 korejwo1999
 12   6   7   3      3.660     12.500      1.800 korejwo1999
 12   6   6   3      3.660     19.800      2.700 korejwo1999
 12   6   6   2      3.660      0.870      0.310 korejwo1999
 12   6   4   2      3.660    159.000     21.000 korejwo1999
 12   6   3   2      3.660     24.800      3.200 korejwo1999
 12   6   3   1      3.660     88.000     31.000 korejwo1999
 12   6   2   1      3.660    138.000     41.000 korejwo1999
 12   6   1   1      3.660    143.000     42.000 korejwo1999
 12   6  11   6      1.870     26.800      2.200 korejwo2002
 12   6  10   6      1.870      1.400      0.300 korejwo2002
 12   6  12   5      1.870      0.120      0.080 korejwo2002
 12   6  11   5      1.870     25.800      3.100 korejwo2002
 12   6  10   5      1.870     11.000      4.000 korejwo2002
 12   6   8   5      1.870      0.390      0.120 korejwo2002
 12   6  10   4      1.870      4.100      0.700 korejwo2002
 12   6   9   4      1.870      6.600      1.200 korejwo2002
 12   6   7   4      1.870      7.800      1.400 korejwo2002
 12   6   9   3      1.870      0.360      0.080 korejwo2002
 12   6   8   3      1.870      1.270      0.220 korejwo2002
 12   6   7   3      1.870     11.800      2.000 korejwo2002
 12   6   6   3      1.870     17.700      3.300 korejwo2002
 12   6   6   2      1.870      1.010      0.120 korejwo2002
 12   6   4   2      1.870    156.000     15.000 korejwo2002
 12   6   3   2      1.870     22.000      2.200 korejwo2002
 12   6  11   6      2.690     25.000      3.000 korejwo2002
 12   6  10   6      2.690      1.300      0.400 korejwo2002
 12   6   9   6      2.690      0.180      0.080 korejwo2002
 12   6  12   5      2.690      0.120      0.100 korejwo2002
 12   6  11   5      2.690     26.000      4.000 korejwo2002
 12   6  10   5      2.690     13.000      6.000 korejwo2002
 12   6   8   5      2.690      0.470      0.140 korejwo2002
 12   6  10   4      2.690      3.800      0.900 korejwo2002
 12   6   9   4      2.690      6.500      1.400 korejwo2002
 12   6   7   4      2.690      9.100      1.900 korejwo2002
 12   6   9   3      2.690      0.360      0.100 korejwo2002
 12   6   8   3      2.690      1.400      0.300 korejwo2002
 12   6   7   3      2.690     13.000      3.000 korejwo2002
 12   6   6   3      2.690     19.000      4.000 korejwo2002
 12   6   6   2      2.690      1.400      0.200 korejwo2002
 12   6   4   2      2.690    180.000     30.000 korejwo2002
 12   6   3   2      2.690     30.000      4.000 korejwo2002
 16   8  14   6      0.156      1.800      0.500 epherre1969
 16   8  13   7      0.156      4.200      0.800 epherre1969
 16   8  14   8      0.156      0.900      0.100 epherre1969
 16   8  15   8      0.156     38.000      4.000 epherre1969
 15   7   7   4      0.056      5.500      1.000 NUCLEX
 15   7   7   4      2.200      5.400      0.500 NUCLEX
 11   5   9   3      0.156      0.290      0.035 NUCLEX
 11   5   9   3      1.000      1.200      0.120 NUCLEX
 11   5   9   3      2.800      1.130      0.113 NUCLEX
 12   6   6   3      0.044     10.600      1.060 read1984
 12   6   7   3      0.044     10.800      1.080 read1984
 12   6   7   4      0.044     22.000      2.200 read1984
 12   6   6   3      0.050      9.200      0.920 read1984
 12   6   7   3      0.050      7.200      0.720 read1984
 12   6   7   4      0.050     25.500      2.550 read1984
 12   6   6   3      0.100     10.900      1.100 read1984
 12   6   7   3      0.100      9.600      2.400 read1984
 12   6   7   4      0.100     11.500      2.600 read1984
 12   6  10   4      0.100      0.500      0.400 read1984
 12   6   6   3      0.126      8.300      2.100 read1984
 12   6   7   3      0.126      6.500      1.900 read1984
 12   6   7   4      0.126      4.000      1.400 read1984
 12   6   9   4      0.126      2.500      1.000 read1984
 12   6  10   4      0.126      0.010      0.400 read1984
 12   6   6   3      0.150     11.600      1.500 read1984
 12   6   7   3      0.150      9.200      1.500 read1984
 12   6   7   4      0.150     12.100      1.200 read1984
 12   6   9   4      0.150      3.200      0.400 read1984
 12   6  10   4      0.150      1.100      0.100 read1984
 12   6  11   6      0.150     16.000      4.000 read1984
 12   6   6   3      0.155      9.800      1.960 read1984
 12   6   7   3      0.155      7.800      1.560 read1984
 12   6   7   4      0.155     12.100      1.210 read1984
 12   6  10   4      0.220      1.800      0.600 read1984
 12   6  10   6      0.365      3.600      0.720 read1984
 12   6  11   6      0.365     33.200      3.320 read1984
 12   6  10   6      0.420      3.300      0.660 read1984
 12   6  11   6      0.420     32.300      3.230 read1984
 12   6  10   6      0.522      3.200      0.640 read1984
 12   6  11   6      0.522     30.800      3.080 read1984
 12   6   6   3      0.550      7.400      1.480 read1984
 12   6   7   3      0.550      5.600      1.120 read1984
 12   6   7   4      0.550     11.000      1.100 read1984
 12   6   6   3      0.600     15.500      2.200 read1984
 12   6   7   3      0.600     13.600      2.100 read1984
 12   6   7   4      0.600     11.000      1.100 read1984
 12   6   9   4      0.600      5.300      0.700 read1984
 12   6  10   4      0.600      2.800      0.400 read1984
 12   6  10   6      0.648      3.000      0.600 read1984
 12   6  11   6      0.648     28.200      2.820 read1984
 12   6  10   6      0.832      2.600      0.520 read1984
 12   6  11   6      0.832     25.800      2.580 read1984
 12   6  10   6      0.980      2.700      0.540 read1984
 12   6  11   6      0.980     23.400      2.340 read1984
 12   6   6   2      1.000      0.500      0.150 read1984
 12   6   9   3      1.000      0.220      0.066 read1984
 12   6  10   6      1.000      2.100      0.420 read1984
 12   6   9   3      2.800      0.240      0.072 read1984
 12   6   6   3     25.000     15.300      3.000 read1984
 12   6   7   3     25.000     14.500      3.000 read1984
 12   6   7   4     25.000      9.100      0.400 read1984
 12   6   9   4     25.000      6.100      0.900 read1984
 12   6  10   4     25.000      3.600      0.600 read1984
 12   6   6   2     28.500      0.600      0.180 read1984
 12   6   6   3    300.000     14.100      1.800 read1984
 12   6   7   3    300.000     12.700      2.000 read1984
 12   6   7   4    300.000      9.100      1.000 read1984
 12   6   9   4    300.000      6.100      0.900 read1984
 12   6  10   4    300.000      3.700      0.600 read1984
 13   6   7   4      0.150      6.700      1.200 read1984
 13   6   9   4      0.150      7.000      1.200 read1984
 13   6  10   4      0.150      4.000      0.900 read1984
 13   6   7   4      0.600      4.900      0.900 read1984
 13   6   9   4      0.600      7.200      1.500 read1984
 13   6  10   4      0.600      6.000      1.400 read1984
 13   6   7   4     25.000      3.700      1.000 read1984
 13   6   9   4     25.000      6.400      0.700 read1984
 13   6  10   4     25.000      5.900      1.700 read1984
 14   7  11   6      0.005     10.000      1.000 read1984
 14   7  11   6      0.005     28.000      2.800 read1984
 14   7  11   6      0.005     35.000      3.500 read1984
 14   7  11   6      0.006     66.000      6.600 read1984
 14   7  11   6      0.013    111.000      9.000 read1984
 14   7   7   4      0.014      3.000      0.200 read1984
 14   7  11   6      0.014    107.000      9.000 read1984
 14   7   7   4      0.015     13.000      1.000 read1984
 14   7  11   6      0.015     83.000      7.100 read1984
 14   7   7   4      0.016     22.000      1.500 read1984
 14   7  11   6      0.016     88.000      7.500 read1984
 14   7   7   4      0.017     30.000      2.300 read1984
 14   7  11   6      0.017     76.000      6.500 read1984
 14   7   7   4      0.018     36.000      2.700 read1984
 14   7  11   6      0.018     64.000      5.400 read1984
 14   7   7   4      0.019     42.000      3.200 read1984
 14   7  11   6      0.019     48.000      7.000 read1984
 14   7   7   4      0.020     44.000      3.000 read1984
 14   7  11   6      0.020     37.000      7.500 read1984
 14   7   7   4      0.021     45.000      3.400 read1984
 14   7  11   6      0.021     33.000      6.500 read1984
 14   7   7   4      0.022     42.000      3.200 read1984
 14   7  11   6      0.022     31.000      6.500 read1984
 14   7   7   4      0.023     39.000      2.900 read1984
 14   7   7   4      0.024     34.000      2.600 read1984
 14   7   7   4      0.050     14.000      2.800 read1984
 14   7   7   4      0.100      7.400      1.500 read1984
 14   7   6   2      0.126      6.400      3.700 read1984
 14   7   6   3      0.126     12.700      4.900 read1984
 14   7   7   3      0.126      9.500      4.200 read1984
 14   7   7   4      0.126      1.600      1.600 read1984
 14   7   9   4      0.126      4.800      2.800 read1984
 14   7  10   4      0.126      1.600      1.600 read1984
 14   7   7   4      0.150      6.000      1.500 read1984
 14   7  10   4      0.150      0.600      0.200 read1984
 14   7  11   6      0.150      7.000      1.500 read1984
 14   7   7   4      0.155      6.500      1.000 read1984
 14   7  10   6      0.155      1.800      1.000 read1984
 14   7  11   6      0.155     15.000      1.000 read1984
 14   7   7   4      0.300      5.800      1.160 read1984
 14   7   7   4      0.600      7.000      1.400 read1984
 14   7  10   4      0.600      1.300      0.600 read1984
 14   7   7   4      2.200      8.600      0.800 read1984
 14   7   7   4      5.700     14.000      2.000 read1984
 16   8   6   3      0.090     17.900      3.600 read1984
 16   8   7   3      0.090      9.700      2.000 read1984
 16   8   7   4      0.090     10.200      2.000 read1984
 16   8  10   4      0.090      1.800      0.300 read1984
 16   8  10   5      0.090      9.500      1.000 read1984
 16   8  10   6      0.090      7.400      0.800 read1984
 16   8   7   4      0.130      7.900      2.000 read1984
 16   8   7   4      0.135      5.500      1.100 read1984
 16   8   6   3      0.135     10.000      2.000 read1984
 16   8   7   3      0.135      8.000      2.500 read1984
 16   8   7   4      0.135      5.400      1.000 read1984
 16   8   9   4      0.135      1.700      0.500 read1984
 16   8  10   4      0.135      0.350      0.200 read1984
 16   8  10   5      0.135     11.000      3.000 read1984
 16   8  11   5      0.135     25.000      8.000 read1984
 16   8  11   6      0.146     12.700      2.000 read1984
 16   8   7   4      0.153      4.200      0.800 read1984
 16   8  11   6      0.153      7.000      1.000 read1984
 16   8   6   3      0.155      9.800      1.400 read1984
 16   8   7   3      0.155     14.000      2.000 read1984
 16   8   7   4      0.155      5.000      1.000 read1984
 16   8   7   4      0.155      4.500      1.000 read1984
 16   8  10   6      0.155      1.000      0.200 read1984
 16   8  11   6      0.155     11.000      1.000 read1984
 16   8   6   3      0.156     10.000      2.000 read1984
 16   8   7   3      0.156      8.500      2.000 read1984
 16   8   7   4      0.156      5.500      2.000 read1984
 16   8   9   4      0.156      1.700      0.400 read1984
 16   8  10   4      0.156      0.370      0.120 read1984
 16   8  10   5      0.156     10.000      3.000 read1984
 16   8  11   5      0.156     14.000      9.000 read1984
 16   8  10   6      0.156      1.000      0.200 read1984
 16   8  11   6      0.156     11.000      1.000 read1984
 16   8   7   4      0.208      4.900      1.200 read1984
 16   8   7   4      0.297      6.500      1.600 read1984
 16   8   7   4      0.396      7.500      1.900 read1984
 16   8   7   4      0.550      9.000      1.500 read1984
 16   8  10   4      0.550      2.900      0.200 read1984
 16   8   6   3      0.600     12.400      2.400 read1984
 16   8   7   3      0.600     11.300      2.200 read1984
 16   8   7   4      0.600      7.000      1.700 read1984
 16   8   9   4      0.600      2.600      0.900 read1984
 16   8  10   4      0.600      0.600      0.200 read1984
 16   8  10   5      0.600     12.000      5.000 read1984
 16   8  11   5      0.600     25.000     12.000 read1984
 16   8   6   3      0.600     18.000      5.000 read1984
 16   8   7   4      0.600      7.000      1.500 read1984
 16   8   7   4      0.600      9.500      1.100 read1984
 16   8   9   4      0.600      4.900      0.700 read1984
 16   8  10   4      0.600      1.900      0.400 read1984
 16   8   7   4      0.600      6.500      2.000 read1984
 16   8   9   4      0.600      2.400      1.200 read1984
 16   8  10   4      0.600      0.600      0.400 read1984
 16   8  10   5      0.600     12.000      5.000 read1984
 16   8  11   5      0.600     25.000     12.000 read1984
 16   8   7   4      1.000      9.400      1.500 read1984
 16   8   7   4      2.000      9.800      1.400 read1984
 16   8   7   4      2.200      8.800      0.400 read1984
 16   8   7   4      5.700     10.000      5.000 read1984
 16   8   7   4      7.000      9.100      0.500 read1984
 16   8   7   4     19.000      6.500      2.000 read1984
 16   8   9   4     19.000      2.200      1.100 read1984
 16   8  10   4     19.000      0.640      0.500 read1984
 16   8  10   5     19.000     15.800      8.000 read1984
 16   8  15   8      2.100     27.300      2.600 olson1983
 16   8  14   8      2.100      0.750      0.120 olson1983
 16   8  13   8      2.100      0.170      0.030 olson1983
 16   8  15   7      2.100     34.300      3.300 olson1983
 16   8  14   7      2.100     31.000      3.300 olson1983
 16   8  13   7      2.100      4.490      0.460 olson1983
 16   8  12   7      2.100      0.400      0.070 olson1983
 16   8  15   6      2.100      0.020      0.010 olson1983
 16   8  14   6      2.100      3.690      0.380 olson1983
 16   8  13   6      2.100     17.800      1.700 olson1983
 16   8  12   6      2.100     32.300      4.800 olson1983
 16   8  11   6      2.100     11.000      1.100 olson1983
 16   8  10   6      2.100      1.830      0.210 olson1983
 16   8   9   6      2.100      0.210      0.080 olson1983
 16   8  13   5      2.100      0.310      0.050 olson1983
 16   8  12   5      2.100      1.450      0.170 olson1983
 16   8  11   5      2.100     15.400      1.500 olson1983
 16   8  10   5      2.100      8.900      1.700 olson1983
 16   8   8   5      2.100      0.580      0.080 olson1983
 16   8  12   4      2.100      0.040      0.020 olson1983
 16   8  11   4      2.100      0.080      0.030 olson1983
 16   8  10   4      2.100      2.050      0.310 olson1983
 16   8   9   4      2.100      4.170      0.550 olson1983
 16   8   7   4      2.100     10.100      1.200 olson1983
 16   8   9   3      2.100      0.340      0.080 olson1983
 16   8   8   3      2.100      0.730      0.170 olson1983
 16   8   7   3      2.100     11.100      1.300 olson1983
 16   8   6   3      2.100     13.300      2.400 olson1983
 16   8   6   2      2.100      0.730      0.200 olson1983
 16   8   4   2      2.100    221.000     20.000 olson1983
 16   8   3   2      2.100     50.200      5.700 olson1983
 16   8   3   1      2.100     55.000     11.000 olson1983
 16   8   2   1      2.100    152.000     23.000 olson1983
 16   8   1   1      2.100     37.200      6.800 olson1983
 12   6  11   6      2.100     26.100      2.400 olson1983
 12   6  10   6      2.100      2.380      0.240 olson1983
 12   6   9   6      2.100      0.380      0.070 olson1983
 12   6  11   5      2.100     30.900      3.400 olson1983
 12   6  10   5      2.100     16.900      3.000 olson1983
 12   6   8   5      2.100      0.470      0.110 olson1983
 12   6  10   4      2.100      3.420      0.350 olson1983
 12   6   9   4      2.100      5.920      0.540 olson1983
 12   6   7   4      2.100      9.500      1.000 olson1983
 12   6   9   3      2.100      0.410      0.080 olson1983
 12   6   8   3      2.100      1.130      0.160 olson1983
 12   6   7   3      2.100     11.000      1.000 olson1983
 12   6   6   3      2.100     13.900      1.500 olson1983
 12   6   6   2      2.100      0.910      0.210 olson1983
 12   6   4   2      2.100    171.000     15.000 olson1983
 12   6   3   2      2.100     51.500      4.500 olson1983
 12   6   3   1      2.100     53.000     10.000 olson1983
 12   6   2   1      2.100    105.000     15.000 olson1983
 12   6   1   1      2.100     24.100      4.100 olson1983
 12   6  11   6      1.050     25.000      3.000 olson1983
 12   6  10   6      1.050      2.520      0.280 olson1983
 12   6   9   6      1.050      0.280      0.060 olson1983
 12   6  11   5      1.050     29.300      2.700 olson1983
 12   6  10   5      1.050     20.200      2.500 olson1983
 12   6   8   5      1.050      0.600      0.090 olson1983
 12   6  10   4      1.050      3.410      0.540 olson1983
 12   6   9   4      1.050      5.130      0.540 olson1983
 12   6   7   4      1.050      8.450      0.810 olson1983
 12   6   9   3      1.050      0.400      0.090 olson1983
 12   6   8   3      1.050      0.770      0.140 olson1983
 12   6   7   3      1.050     10.400      0.800 olson1983
 12   6   6   3      1.050     11.500      2.200 olson1983
 12   6   6   2      1.050      0.940      0.190 olson1983
 12   6   4   2      1.050    185.000     19.000 olson1983
 12   6   3   2      1.050     46.400      5.100 olson1983
 12   6   2   1      1.050    125.000     16.000 olson1983
 12   6   1   1      1.050      7.000      1.500 olson1983
 12   6  10   5      0.041     15.800      3.000 fontes1977
 12   6  10   5      0.049     22.500      4.300 fontes1977
 12   6  10   5      0.150     19.000      3.400 fontes1977
 12   6  10   5      0.600     25.000      4.500 fontes1977
 12   6  10   5     25.000     20.000      3.200 fontes1977
 12   6   7   4      0.041     21.500      2.500 fontes1977
 12   6   7   4      0.049     23.300      3.500 fontes1977
 12   6   7   4      0.150     12.200      1.200 fontes1977
 12   6   7   4      0.600     11.000      1.100 fontes1977
 12   6   7   4     25.000      9.100      0.400 fontes1977
 12   6   0   5      0.041     98.500     20.000 fontes1977
 12   6   0   5      0.049     98.000     20.000 fontes1977
 12   6   0   5      0.150     63.000     13.000 fontes1977
 12   6   0   5      0.600     75.000     15.000 fontes1977
 12   6   0   5     25.000     59.000     12.000 fontes1977
 12   6  10   5      0.045     28.400      6.600 roche1976
 12   6  10   5      0.055     23.300      5.700 roche1976
 12   6  10   5      0.060     33.900      8.000 roche1976
 12   6  10   5      0.065     35.600      8.100 roche1976
 12   6  10   5      0.075     27.000      5.400 roche1976
 12   6  10   5      0.100     21.500      2.800 roche1976
 12   6   0   5      0.045    104.600     24.000 roche1976
 12   6   0   5      0.055     81.500     20.900 roche1976
 12   6   0   5      0.060     75.900     22.400 roche1976
 12   6   0   5      0.065     80.000     18.900 roche1976
 12   6   0   5      0.075     76.700     14.300 roche1976
 12   6   0   5      0.100     67.500      7.900 roche1976
 12   6  10   5      0.025      3.700      0.600 davids1970
 12   6  10   5      0.028      7.000      1.100 davids1970
 12   6  10   5      0.029     10.000      1.800 davids1970
 12   6  10   5      0.032      9.700      1.700 davids1970
 12   6  10   5      0.034     10.200      1.800 davids1970
 12   6  10   5      0.036     11.200      2.100 davids1970
 12   6  10   5      0.040     16.200      3.300 davids1970
 12   6  10   5      0.044     18.200      4.100 davids1970
 12   6   0   5      0.022     45.000      7.000 davids1970
 12   6   0   5      0.025     64.000     17.000 davids1970
 12   6   0   5      0.028     96.000     22.000 davids1970
 12   6   0   5      0.029    113.000     20.000 davids1970
 12   6   0   5      0.032    121.000     28.000 davids1970
 12   6   0   5      0.034    116.000     25.000 davids1970
 12   6   0   5      0.036     95.000     21.000 davids1970
 12   6   0   5      0.040     91.000     18.000 davids1970
 12   6   0   5      0.044     87.000     20.000 davids1970
 16   8  10   5      0.050     19.600      2.800 moyle1979
 16   8  10   5      0.055     33.700      4.500 moyle1979
 16   8  10   5      0.065     34.000      4.700 moyle1979
 16   8  10   5      0.075     31.400      3.800 moyle1979
 16   8  10   5      0.090     18.300      3.800 moyle1979
 16   8  10   5      0.290      9.900      0.600 zeitlin2011
 16   8  10   5      0.400     10.600      0.600 zeitlin2011
 16   8  10   5      0.600     10.900      0.600 zeitlin2011
 16   8  10   5      1.000     12.100      0.700 zeitlin2011
